M <- 6
A <- c(7,12,7,17,16,17)
R <- c(9,9,5,6,19,19)
sigma <- 0.5
pi <- c(0.0169689358388191,-1,-1,0.00561234892718826,0.0420491739270768)
N_MISSING_PI <- 2
